100009
100647
100682
101112
101493
101569
101604
101634
101763
101787
102202
102430
102753
102999
103157
103217
103285
103356
103466
103681
103794
103884
103886
104135
104199
104605
105189
105683
105756
105942
106391
106787
106977
108265
111254
111282
111543
111594
111607
111643
111648
11432
13813
18916
19148
19205
19358
19389
19654
19664
19992
20110
20262
20565
20746
20799
21230
21306
21371
21524
21529
21837
22116
22357
22409
22412
22595
22656
22677
22894
23169
23508
23512
23638
23855
23868
23918
23950
23976
24031
24043
24055
24071
24080
24087
24176
24195
24221
24252
24261
24266
24278
24281
24321
24334
24339
24351
24357
24377
24397
24404
24460
24477
24485
24496
24504
24517
24521
24524
24530
24555
24573
24598
24616
24623
24633
24655
24657
24660
24663
24668
2962393
2963085
2963169
2964069
2964362
2965323
2965433
2966593
2970187
2971697
2972770
2972890
2972984
2973014
2973374
2973423
2973788
617
625
627
641
99817
99855
99867
